/Users/wendy/Fall2018/397/yolo/keras-yolo3/VOCdevkit/VOC2007/JPEGImages/frame5_432.jpg 1404,234,1617,532,0 1597,367,1738,686,0 1750,446,1920,687,0 1821,642,1920,951,0 1619,882,1906,1080,0 1495,648,1778,860,0 1255,303,1407,636,0 1181,703,1381,996,0 779,129,1071,337,0 845,1,1103,158,0 833,499,1024,818,0 673,846,967,1011,0 461,799,607,1080,0 512,436,702,748,0 123,530,267,863,0 35,832,262,1080,0 1,629,92,938,0 869,963,1052,1080,0
/Users/wendy/Fall2018/397/yolo/keras-yolo3/VOCdevkit/VOC2007/JPEGImages/frame5_234.jpg 1608,1,1812,125,0 1728,430,1916,679,0 1792,648,1920,946,0 1424,708,1726,858,0 1452,936,1712,1080,0 1250,946,1516,1080,0 1124,770,1292,1068,0 1224,305,1392,627,0 1581,351,1714,672,0 1393,236,1595,546,0 1079,394,1235,670,0 848,380,1119,608,0 847,142,1114,361,0 845,1,1067,141,0 627,1,797,303,0 474,380,648,689,0 661,853,959,1008,0 869,682,1167,832,0 447,799,585,1075,0 97,532,240,868,0 12,837,212,1080,0
/Users/wendy/Fall2018/397/yolo/keras-yolo3/VOCdevkit/VOC2007/JPEGImages/frame2_4.jpg 1585,1,1755,324,0 1683,327,1831,649,0 1826,387,1920,752,0 1704,715,1857,1039,0 1531,632,1799,925,0 1447,949,1756,1080,0 1421,503,1657,829,0 1405,42,1564,367,0 1257,5,1507,308,0 1271,429,1536,689,0 1148,656,1479,910,0 1131,408,1285,751,0 936,137,1200,434,0 932,1,1245,211,0 879,348,1161,594,0 685,253,962,465,0 657,92,929,270,0 400,70,667,277,0 244,1,442,298,0 67,1,243,286,0 519,463,743,803,0 628,813,909,1062,0 436,755,604,1049,0 147,770,423,1056,0 79,567,236,910,0 1,598,98,991,0 55,340,348,616,0 331,270,529,586,0
/Users/wendy/Fall2018/397/yolo/keras-yolo3/VOCdevkit/VOC2007/JPEGImages/frame1_598.jpg 1728,265,1879,568,0 1811,636,1920,927,0 1586,363,1728,668,0 1402,248,1626,537,0 1229,296,1428,620,0 1138,668,1431,875,0 976,806,1271,1022,0 957,932,1206,1080,0 671,846,973,1008,0 812,525,1031,836,0 548,494,712,817,0 473,798,628,1080,0 119,527,264,865,0 28,832,261,1075,0 1,634,98,948,0 20,1,160,225,0 766,165,1093,320,0 853,1,1069,161,0 1498,10,1774,148,0
/Users/wendy/Fall2018/397/yolo/keras-yolo3/VOCdevkit/VOC2007/JPEGImages/frame2_12.jpg 1821,389,1920,750,0 1712,711,1864,1039,0 1686,330,1831,661,0 1590,1,1766,280,0 1547,634,1824,918,0 1440,920,1722,1080,0 1442,479,1648,849,0 1150,655,1454,915,0 1262,424,1545,692,0 1145,418,1286,755,0 840,405,1160,593,0 1290,1,1520,263,0 967,92,1245,384,0 944,1,1248,187,0 705,218,1004,442,0 617,122,942,270,0 336,55,661,267,0 519,436,697,780,0 635,805,899,1080,0 438,727,597,1008,0 198,716,431,1018,0 71,575,229,910,0 1,585,88,991,0 307,269,526,568,0 179,1,438,275,0 51,1,235,289,0 55,356,357,620,0
/Users/wendy/Fall2018/397/yolo/keras-yolo3/VOCdevkit/VOC2007/JPEGImages/frame5_180.jpg 1652,1,1857,203,0 1738,455,1920,694,0 1781,646,1920,953,0 1567,391,1717,689,0 1388,230,1602,530,0 1333,694,1635,830,0 1121,825,1271,1080,0 1286,941,1501,1080,0 1236,301,1393,627,0 1088,251,1224,579,0 833,125,1102,361,0 704,210,883,513,0 847,670,1119,910,0 662,849,961,1025,0 448,794,594,1080,0 629,532,919,677,0 467,353,648,651,0 102,530,236,865,0 16,841,227,1080,0 845,1,1054,136,0
/Users/wendy/Fall2018/397/yolo/keras-yolo3/VOCdevkit/VOC2007/JPEGImages/frame5_396.jpg 1748,439,1920,679,0 1826,649,1920,944,0 1636,877,1920,1053,0 1423,713,1714,930,0 1600,367,1745,680,0 1414,236,1619,536,0 1261,306,1411,637,0 1281,1,1539,227,0 781,122,1074,320,0 850,1,1079,148,0 1157,729,1362,1011,0 947,811,1174,1080,0 848,518,1028,839,0 683,853,976,991,0 461,791,614,1080,0 512,424,695,736,0 117,527,262,865,0 38,830,256,1080,0 1,630,100,939,0
/Users/wendy/Fall2018/397/yolo/keras-yolo3/VOCdevkit/VOC2007/JPEGImages/frame1_69.jpg 618,1,792,299,0 828,129,1124,368,0 1397,227,1597,527,0 1571,353,1717,665,0 1719,432,1920,684,0 1773,641,1920,947,0 1398,717,1735,856,0 1600,1,1819,127,0 840,1,1045,144,0 467,377,659,684,0 840,377,1128,617,0 1079,391,1250,672,0 867,660,1212,839,0 1119,767,1293,1065,0 1252,937,1518,1080,0 1223,305,1398,634,0 659,855,971,1015,0 433,796,590,1080,0 92,527,236,875,0 9,832,214,1080,0
/Users/wendy/Fall2018/397/yolo/keras-yolo3/VOCdevkit/VOC2007/JPEGImages/frame1_161.jpg 744,115,1047,336,0 480,399,654,727,0 82,522,244,870,0 642,858,972,1024,0 956,237,1247,470,0 1230,301,1397,641,0 1382,224,1603,537,0 1565,361,1732,691,0 1773,648,1920,960,0 1727,420,1920,690,0 1541,799,1837,1055,0 1249,839,1527,1080,0 1077,803,1356,1075,0 1051,592,1239,937,0 775,611,1061,872,0 428,805,587,1080,0 11,839,219,1080,0 1513,5,1765,106,0 834,1,1060,142,0 586,1,765,194,0
/Users/wendy/Fall2018/397/yolo/keras-yolo3/VOCdevkit/VOC2007/JPEGImages/frame5_18.jpg 1606,1,1761,263,0 1681,330,1826,636,0 1833,392,1920,712,0 1721,715,1864,1046,0 1557,629,1814,917,0 1454,456,1666,791,0 1169,656,1469,917,0 1448,929,1709,1080,0 1283,430,1542,696,0 1428,22,1586,332,0 1304,1,1492,236,0 1007,82,1257,380,0 949,1,1238,182,0 1145,417,1281,751,0 838,417,1140,601,0 731,227,1021,444,0 592,134,916,272,0 388,49,657,261,0 194,1,433,267,0 67,1,231,286,0 535,405,692,755,0 638,808,893,1080,0 454,758,616,1036,0 231,670,476,967,0 295,258,511,568,0 79,375,357,618,0 85,586,233,905,0 1,642,88,992,0
/Users/wendy/Fall2018/397/yolo/keras-yolo3/VOCdevkit/VOC2007/JPEGImages/frame2_100.jpg 1747,1,1916,236,0 1667,306,1866,608,0 1562,613,1854,860,0 1719,756,1867,1080,0 1507,891,1710,1080,0 1521,205,1685,546,0 1174,696,1507,892,0 1274,426,1535,692,0 1238,192,1512,351,0 1140,408,1290,737,0 1166,1,1421,149,0 991,1,1176,187,0 838,44,1152,255,0 964,258,1276,418,0 778,363,1105,567,0 666,498,895,806,0 555,908,883,1075,0 490,436,762,713,0 534,139,817,321,0 386,15,685,198,0 361,172,586,499,0 176,465,512,624,0 90,265,386,458,0 217,1,411,284,0 52,1,231,249,0 79,582,243,913,0 1,637,88,992,0
/Users/wendy/Fall2018/397/yolo/keras-yolo3/VOCdevkit/VOC2007/JPEGImages/frame2_104.jpg 1748,1,1920,225,0 1661,295,1886,597,0 1714,763,1869,1080,0 1554,621,1850,867,0 1502,901,1694,1080,0 1517,198,1679,541,0 1214,191,1497,355,0 1132,1,1429,144,0 1273,422,1535,692,0 1186,672,1509,901,0 1138,410,1291,748,0 978,260,1321,425,0 961,1,1155,172,0 828,49,1169,253,0 774,365,1102,558,0 671,496,895,806,0 500,415,773,694,0 542,905,875,1072,0 542,137,812,327,0 391,26,685,190,0 364,180,571,489,0 179,461,511,618,0 112,267,378,458,0 232,1,405,284,0 52,1,235,253,0 81,587,245,920,0 1,630,90,996,0
/Users/wendy/Fall2018/397/yolo/keras-yolo3/VOCdevkit/VOC2007/JPEGImages/frame1_575.jpg 1447,1,1715,127,0 1733,263,1900,568,0 1805,627,1919,925,0 1587,358,1728,666,0 1411,249,1629,544,0 1235,292,1429,624,0 769,166,1095,312,0 849,1,1069,161,0 19,1,150,191,0 111,530,279,872,0 23,837,256,1080,0 1,629,83,948,0 464,786,623,1080,0 550,484,700,820,0 676,844,979,1017,0 808,523,1034,837,0 1137,669,1430,884,0 1031,848,1329,1042,0 973,908,1196,1080,0
/Users/wendy/Fall2018/397/yolo/keras-yolo3/VOCdevkit/VOC2007/JPEGImages/frame1_207.jpg 758,115,1077,337,0 1123,94,1411,351,0 1249,294,1415,636,0 1391,225,1615,530,0 1592,370,1749,674,0 1747,453,1911,682,0 1808,656,1920,961,0 1630,867,1917,1080,0 1380,701,1666,970,0 1144,760,1385,1044,0 1004,736,1220,1044,0 775,536,1046,820,0 670,837,1010,999,0 441,799,628,1077,0 108,520,292,865,0 28,837,251,1080,0 1,636,82,944,0 854,1,1091,158,0
/Users/wendy/Fall2018/397/yolo/keras-yolo3/VOCdevkit/VOC2007/JPEGImages/frame2_28.jpg 1617,1,1788,253,0 1686,341,1819,646,0 1828,394,1920,737,0 1709,718,1866,1055,0 1535,624,1809,903,0 1464,918,1689,1080,0 1448,429,1671,768,0 1145,656,1457,924,0 1259,427,1548,682,0 1147,420,1293,758,0 1317,1,1507,205,0 1040,58,1267,372,0 788,427,1095,624,0 747,211,1029,417,0 548,137,861,296,0 411,29,671,272,0 191,1,388,275,0 34,1,233,284,0 540,377,711,732,0 626,837,922,1080,0 454,729,623,1035,0 278,617,486,946,0 274,255,538,575,0 64,370,378,620,0 76,568,238,913,0 1,554,97,999,0 969,1,1258,184,0
/Users/wendy/Fall2018/397/yolo/keras-yolo3/VOCdevkit/VOC2007/JPEGImages/frame1_92.jpg 1731,439,1919,687,0 1785,648,1920,950,0 1620,1,1831,156,0 1571,344,1719,665,0 1392,229,1588,532,0 1229,308,1400,629,0 1424,717,1729,899,0 1243,930,1520,1080,0 1105,763,1310,1066,0 847,696,1185,860,0 1004,434,1233,711,0 943,299,1238,510,0 814,137,1123,324,0 594,1,769,234,0 466,374,648,698,0 654,855,974,1015,0 431,791,587,1080,0 92,525,248,872,0 9,830,222,1080,0
/Users/wendy/Fall2018/397/yolo/keras-yolo3/VOCdevkit/VOC2007/JPEGImages/frame2_16.jpg 1600,1,1757,274,0 1828,391,1920,743,0 1688,332,1840,665,0 1719,713,1859,1053,0 1547,630,1806,905,0 1443,924,1715,1080,0 1452,467,1659,808,0 1271,425,1536,694,0 1152,651,1461,915,0 1140,415,1298,761,0 1289,1,1501,260,0 1416,22,1581,361,0 828,403,1171,598,0 997,80,1254,384,0 942,1,1262,177,0 724,230,1019,442,0 592,122,931,274,0 397,46,662,265,0 519,427,683,772,0 640,806,911,1080,0 452,758,611,1039,0 221,679,462,980,0 83,580,231,913,0 1,640,92,991,0 61,370,361,625,0 292,249,517,574,0 199,1,445,272,0 47,1,229,286,0
/Users/wendy/Fall2018/397/yolo/keras-yolo3/VOCdevkit/VOC2007/JPEGImages/frame2_0.jpg 1605,17,1761,327,0 1826,396,1920,762,0 1685,344,1833,691,0 1716,711,1850,1036,0 1543,636,1776,922,0 1443,949,1759,1080,0 1427,517,1646,832,0 1145,653,1462,910,0 1273,432,1543,684,0 1134,417,1289,758,0 1235,25,1478,324,0 1402,51,1564,384,0 893,346,1179,592,0 921,141,1179,444,0 930,1,1247,225,0 652,82,924,284,0 674,230,962,479,0 531,496,740,830,0 590,799,909,1067,0 442,729,609,1058,0 131,780,405,1056,0 76,572,262,910,0 1,639,86,1005,0 57,353,352,610,0 329,291,528,598,0 393,70,667,292,0 229,1,455,239,0 64,5,248,287,0
/Users/wendy/Fall2018/397/yolo/keras-yolo3/VOCdevkit/VOC2007/JPEGImages/frame5_36.jpg 1640,1,1779,246,0 1828,403,1919,736,0 1678,339,1831,649,0 1726,722,1867,1060,0 1467,929,1697,1080,0 1540,617,1816,899,0 1476,417,1669,739,0 1267,427,1542,686,0 1155,656,1457,917,0 1142,413,1281,760,0 1416,1,1561,275,0 1329,1,1471,163,0 1059,30,1278,332,0 992,1,1254,168,0 769,446,1085,606,0 785,222,1066,417,0 550,155,829,313,0 416,22,664,261,0 742,1,902,180,0 178,22,440,282,0 52,1,242,272,0 240,272,488,551,0 529,360,690,701,0 623,872,929,1074,0 487,683,678,991,0 290,630,511,901,0 81,574,238,910,0 1,635,93,998,0 107,385,385,620,0
/Users/wendy/Fall2018/397/yolo/keras-yolo3/VOCdevkit/VOC2007/JPEGImages/frame5_378.jpg 1750,451,1920,677,0 1817,642,1920,952,0 1633,872,1911,1077,0 1405,705,1664,961,0 1588,361,1743,677,0 1414,230,1619,532,0 1259,310,1417,637,0 1192,58,1435,299,0 778,122,1067,329,0 859,1,1108,148,0 1147,760,1373,1044,0 1017,744,1209,1042,0 814,527,1029,825,0 681,849,993,984,0 455,799,609,1080,0 512,418,693,724,0 124,522,266,863,0 36,832,243,1080,0 1,637,102,942,0
/Users/wendy/Fall2018/397/yolo/keras-yolo3/VOCdevkit/VOC2007/JPEGImages/frame5_486.jpg 1788,448,1920,691,0 1786,649,1920,869,0 1657,844,1909,1032,0 1551,594,1793,839,0 1588,361,1738,665,0 1405,237,1616,534,0 1243,303,1403,632,0 1185,691,1364,992,0 829,494,1016,813,0 778,139,1093,311,0 835,1,1090,148,0 526,446,693,760,0 678,848,973,1005,0 459,794,607,1080,0 126,524,266,861,0 35,832,243,1080,0 1,632,88,946,0
/Users/wendy/Fall2018/397/yolo/keras-yolo3/VOCdevkit/VOC2007/JPEGImages/frame2_64.jpg 1835,403,1920,729,0 1713,1,1905,280,0 1673,318,1838,627,0 1733,739,1867,1058,0 1567,615,1852,856,0 1533,320,1671,655,0 1670,1,1800,177,0 1469,1,1612,205,0 1278,424,1540,694,0 1161,692,1488,887,0 1143,411,1279,748,0 1205,167,1481,375,0 1088,44,1245,318,0 871,213,1185,365,0 772,1,1048,194,0 729,437,1057,606,0 593,917,909,1063,0 1485,896,1676,1080,0 576,584,793,877,0 361,551,642,799,0 476,242,662,563,0 538,163,802,298,0 407,30,669,218,0 176,24,409,253,0 53,1,229,251,0 181,270,473,475,0 98,417,402,589,0 83,580,233,908,0 1,645,88,987,0
/Users/wendy/Fall2018/397/yolo/keras-yolo3/VOCdevkit/VOC2007/JPEGImages/frame5_0.jpg 1605,1,1755,277,0 1686,339,1829,649,0 1833,401,1919,741,0 1723,717,1861,1053,0 1554,642,1811,915,0 1459,470,1647,798,0 1447,922,1710,1080,0 1157,655,1461,915,0 1274,434,1540,691,0 1426,44,1581,344,0 1306,1,1507,261,0 1142,417,1283,749,0 840,410,1155,596,0 998,86,1240,384,0 952,8,1226,180,0 729,237,1007,441,0 609,127,933,270,0 529,436,693,775,0 643,810,902,1079,0 448,741,607,1020,0 224,691,448,986,0 85,579,235,908,0 1,644,98,992,0 81,372,361,622,0 305,261,529,570,0 404,56,666,292,0 195,1,440,263,0 71,1,235,287,0
/Users/wendy/Fall2018/397/yolo/keras-yolo3/VOCdevkit/VOC2007/JPEGImages/frame1_667.jpg 1724,186,1920,462,0 1573,357,1761,674,0 1802,629,1920,933,0 1240,846,1429,1080,0 1126,675,1430,911,0 1416,249,1627,544,0 1223,298,1414,629,0 766,165,1111,324,0 1452,1,1754,148,0 856,1,1064,156,0 648,3,804,156,0 21,1,152,213,0 117,527,259,870,0 1,633,90,958,0 26,832,254,1080,0 455,799,626,1080,0 554,505,697,841,0 662,830,962,1029,0 812,522,1021,839,0 886,891,1198,1051,0
/Users/wendy/Fall2018/397/yolo/keras-yolo3/VOCdevkit/VOC2007/JPEGImages/frame4_10.jpg 1743,69,1920,360,0 1512,1,1655,244,0 1700,646,1847,979,0 1709,955,1920,1077,0 1567,496,1767,820,0 1379,746,1619,1032,0 1340,297,1495,627,0 1047,544,1335,741,0 1167,205,1362,486,0 1059,65,1211,410,0 952,341,1114,680,0 714,153,1048,320,0 826,1,1066,184,0 936,836,1121,1080,0 801,632,945,982,0 664,483,824,811,0 454,867,779,1024,0 311,655,626,849,0 179,846,407,1077,0 1,737,288,924,0 545,1,859,163,0 550,205,690,563,0 424,224,564,580,0 267,224,440,553,0 216,10,436,287,0 103,1,236,224,0
/Users/wendy/Fall2018/397/yolo/keras-yolo3/VOCdevkit/VOC2007/JPEGImages/frame5_108.jpg 1766,3,1920,217,0 1847,406,1920,718,0 1664,303,1890,591,0 1562,620,1857,865,0 1700,774,1858,1080,0 1502,901,1694,1080,0 1526,189,1683,539,0 1221,192,1512,360,0 1126,11,1445,149,0 985,1,1143,146,0 854,55,1164,253,0 1000,286,1317,429,0 1274,429,1531,696,0 1204,665,1511,898,0 1145,415,1283,744,0 792,358,1098,558,0 679,487,867,806,0 517,405,778,684,0 538,139,814,339,0 395,25,688,184,0 347,180,552,479,0 219,1,400,287,0 76,1,231,253,0 73,255,373,460,0 190,470,507,613,0 542,910,857,1080,0 83,586,228,911,0 1,643,97,987,0
/Users/wendy/Fall2018/397/yolo/keras-yolo3/VOCdevkit/VOC2007/JPEGImages/frame1_506.jpg 649,1,815,178,0 868,3,1061,175,0 766,160,1087,311,0 1453,1,1730,124,0 1732,272,1868,584,0 1580,362,1735,678,0 1399,244,1627,539,0 1241,296,1422,618,0 1808,627,1920,927,0 1165,641,1368,929,0 1210,908,1491,1080,0 1003,874,1218,1080,0 806,520,1035,821,0 666,849,977,1008,0 475,794,626,1080,0 549,472,704,794,0 113,530,266,860,0 3,632,85,951,0 30,837,256,1080,0 1,111,144,425,0
/Users/wendy/Fall2018/397/yolo/keras-yolo3/VOCdevkit/VOC2007/JPEGImages/frame3_32.jpg 1748,63,1920,365,0 1498,1,1647,241,0 1704,642,1848,972,0 1702,951,1920,1079,0 1567,503,1769,815,0 1385,748,1626,1046,0 1345,296,1504,636,0 1048,542,1336,744,0 1174,205,1359,484,0 1071,46,1204,399,0 957,344,1119,675,0 716,161,1050,324,0 827,1,1057,210,0 543,1,861,153,0 938,832,1130,1080,0 800,625,945,983,0 667,480,828,811,0 454,867,781,1027,0 317,656,626,853,0 178,849,400,1080,0 1,733,286,918,0 557,203,685,561,0 426,225,557,563,0 276,230,440,556,0 251,1,485,265,0 124,1,268,280,0
/Users/wendy/Fall2018/397/yolo/keras-yolo3/VOCdevkit/VOC2007/JPEGImages/frame5_90.jpg 1729,1,1920,249,0 1836,394,1920,716,0 1721,737,1850,1063,0 1562,594,1850,848,0 1669,313,1842,625,0 1519,218,1681,572,0 1445,1,1605,179,0 1230,174,1502,339,0 1274,420,1535,696,0 1507,906,1729,1080,0 1157,713,1500,892,0 1145,411,1283,758,0 935,249,1242,401,0 1012,1,1194,237,0 805,1,1060,198,0 750,386,1054,591,0 629,542,864,837,0 574,910,898,1075,0 468,449,742,718,0 538,129,817,296,0 393,25,674,218,0 187,1,407,284,0 55,1,235,249,0 392,213,609,515,0 102,267,421,456,0 148,479,492,629,0 73,601,238,918,0 1,599,93,992,0
/Users/wendy/Fall2018/397/yolo/keras-yolo3/VOCdevkit/VOC2007/JPEGImages/frame2_72.jpg 1704,1,1916,270,0 1699,1,1828,139,0 1469,1,1609,194,0 1842,399,1920,731,0 1669,315,1831,622,0 1717,739,1855,1068,0 1566,605,1845,849,0 1502,905,1703,1080,0 1519,284,1685,618,0 1274,424,1538,694,0 1159,710,1498,887,0 1138,415,1283,744,0 1193,151,1500,363,0 1050,1,1205,294,0 888,225,1202,375,0 767,1,1050,182,0 733,418,1064,613,0 593,915,904,1065,0 604,563,811,867,0 411,537,690,784,0 436,234,642,542,0 545,136,817,298,0 390,25,669,229,0 176,22,412,261,0 45,1,235,239,0 143,286,438,472,0 86,424,405,586,0 83,579,235,899,0 1,639,93,991,0
/Users/wendy/Fall2018/397/yolo/keras-yolo3/VOCdevkit/VOC2007/JPEGImages/frame1_23.jpg 1632,1,1863,194,0 1728,446,1920,696,0 1772,644,1920,955,0 1561,387,1715,701,0 1334,692,1658,868,0 1385,217,1603,532,0 1230,296,1427,639,0 1082,272,1225,611,0 1456,934,1718,1080,0 1284,941,1510,1080,0 1120,822,1282,1080,0 861,684,1146,903,0 841,122,1120,365,0 844,1,1060,148,0 670,137,870,461,0 595,524,935,679,0 473,348,646,667,0 418,787,581,1080,0 90,529,254,870,0 11,839,225,1080,0
/Users/wendy/Fall2018/397/yolo/keras-yolo3/VOCdevkit/VOC2007/JPEGImages/frame3_0.jpg 1747,79,1920,372,0 1503,1,1657,230,0 1692,637,1845,970,0 1704,960,1920,1076,0 1383,744,1621,1024,0 1569,501,1764,808,0 1336,291,1495,634,0 1050,548,1333,736,0 1173,215,1357,486,0 955,339,1116,675,0 1066,41,1212,405,0 692,156,1047,324,0 835,1,1079,189,0 549,1,867,163,0 938,832,1126,1080,0 800,625,947,982,0 664,484,829,806,0 454,868,779,1029,0 311,649,628,848,0 186,842,405,1080,0 1,740,292,917,0 548,199,688,561,0 426,218,554,565,0 269,218,445,548,0 254,8,486,260,0 139,1,276,296,0
/Users/wendy/Fall2018/397/yolo/keras-yolo3/VOCdevkit/VOC2007/JPEGImages/frame2_88.jpg 1723,2,1920,249,0 1835,401,1920,728,0 1716,739,1843,1063,0 1505,911,1728,1080,0 1567,599,1847,842,0 1666,320,1852,624,0 1523,218,1683,567,0 1442,1,1605,175,0 1279,425,1528,691,0 1155,718,1497,884,0 1142,417,1281,742,0 1219,179,1504,338,0 1060,1,1202,241,0 921,255,1224,394,0 825,1,1078,230,0 742,398,1052,587,0 576,906,888,1065,0 621,546,857,846,0 469,453,736,725,0 538,144,812,298,0 385,25,671,217,0 168,1,397,287,0 60,1,228,256,0 124,274,407,470,0 390,225,609,515,0 136,474,469,629,0 74,584,231,917,0 1,644,93,986,0
/Users/wendy/Fall2018/397/yolo/keras-yolo3/VOCdevkit/VOC2007/JPEGImages/frame5_126.jpg 1761,1,1920,213,0 1659,306,1886,587,0 1842,398,1920,721,0 1566,620,1855,863,0 1735,770,1859,1051,0 1507,899,1701,1080,0 1198,661,1509,901,0 1524,191,1679,539,0 1229,180,1524,355,0 1117,1,1459,155,0 982,1,1143,151,0 852,56,1166,258,0 995,279,1317,430,0 1273,424,1543,680,0 1142,417,1285,746,0 788,355,1109,558,0 678,491,867,806,0 538,915,873,1074,0 516,410,778,686,0 538,142,814,342,0 409,32,686,192,0 352,179,555,477,0 193,472,505,615,0 219,1,407,287,0 60,1,231,258,0 76,258,374,461,0 83,575,235,911,0 1,637,86,994,0
/Users/wendy/Fall2018/397/yolo/keras-yolo3/VOCdevkit/VOC2007/JPEGImages/frame5_324.jpg 1528,1,1762,108,0 1721,452,1920,689,0 1785,639,1920,959,0 1557,815,1826,1049,0 1476,955,1735,1080,0 1254,844,1519,1080,0 1573,370,1716,686,0 1379,239,1607,536,0 1224,301,1393,637,0 969,244,1245,470,0 748,115,1038,332,0 836,1,1043,141,0 599,1,745,192,0 1064,594,1231,913,0 1085,801,1335,1063,0 779,629,1064,865,0 655,860,961,1003,0 443,801,581,1080,0 485,406,666,717,0 93,527,240,867,0 14,834,214,1080,0
/Users/wendy/Fall2018/397/yolo/keras-yolo3/VOCdevkit/VOC2007/JPEGImages/frame1_299.jpg 1408,232,1611,536,0 1597,361,1744,674,0 1765,449,1920,699,0 1791,632,1920,942,0 1503,636,1784,868,0 1613,891,1920,1063,0 1183,686,1365,986,0 1239,299,1406,636,0 770,139,1091,320,0 830,1,1084,139,0 830,479,1027,811,0 675,841,978,1020,0 503,437,713,756,0 432,796,606,1074,0 110,515,254,870,0 35,825,237,1079,0 3,629,89,958,0
/Users/wendy/Fall2018/397/yolo/keras-yolo3/VOCdevkit/VOC2007/JPEGImages/frame5_54.jpg 1674,1,1809,201,0 1688,317,1831,627,0 1828,399,1920,726,0 1451,1,1598,227,0 1508,344,1670,682,0 1548,627,1843,882,0 1724,737,1873,1053,0 1483,913,1689,1080,0 876,227,1159,372,0 1279,429,1540,692,0 1155,668,1467,910,0 1142,415,1286,748,0 745,460,1067,608,0 756,1,997,175,0 540,155,816,310,0 404,29,667,236,0 186,13,414,260,0 45,1,236,268,0 214,249,483,503,0 504,270,674,603,0 523,630,750,913,0 600,901,916,1058,0 342,587,617,839,0 92,579,236,911,0 1,639,92,991,0 1098,13,1292,306,0 93,401,390,615,0
/Users/wendy/Fall2018/397/yolo/keras-yolo3/VOCdevkit/VOC2007/JPEGImages/frame1_460.jpg 1704,94,1920,250,0 1708,372,1920,659,0 1801,636,1920,928,0 1581,362,1731,677,0 1408,245,1627,546,0 1241,303,1415,636,0 1161,642,1391,925,0 1172,946,1491,1080,0 975,898,1195,1080,0 673,853,994,1013,0 803,511,1018,827,0 532,468,694,787,0 463,772,635,1077,0 110,522,275,863,0 41,844,249,1080,0 1,625,84,961,0 747,160,1073,317,0 1520,1,1801,87,0 859,1,1070,156,0
/Users/wendy/Fall2018/397/yolo/keras-yolo3/VOCdevkit/VOC2007/JPEGImages/frame1_138.jpg 1096,494,1247,796,0 1228,308,1396,632,0 473,394,656,718,0 656,856,963,1003,0 822,639,1125,872,0 1077,777,1334,1042,0 1223,875,1516,1080,0 1499,929,1719,1080,0 1497,761,1796,991,0 1770,648,1920,952,0 1737,425,1920,681,0 1568,363,1728,682,0 1394,234,1603,520,0 939,255,1232,461,0 751,96,1054,344,0 1600,1,1853,139,0 94,527,258,874,0 11,842,219,1080,0 437,789,584,1080,0 839,1,1066,134,0 589,1,749,170,0
/Users/wendy/Fall2018/397/yolo/keras-yolo3/VOCdevkit/VOC2007/JPEGImages/frame5_252.jpg 1623,1,1814,144,0 1729,448,1920,684,0 1790,644,1919,944,0 1431,724,1735,887,0 1574,358,1723,677,0 1395,241,1598,537,0 1228,310,1395,624,0 1459,930,1713,1080,0 1233,932,1506,1080,0 1104,765,1300,1065,0 850,701,1162,848,0 1031,434,1240,720,0 929,317,1204,534,0 828,139,1124,334,0 838,1,1052,139,0 615,1,779,249,0 467,380,650,696,0 659,867,966,1013,0 438,799,584,1080,0 102,530,235,867,0 7,837,213,1080,0
/Users/wendy/Fall2018/397/yolo/keras-yolo3/VOCdevkit/VOC2007/JPEGImages/frame1_529.jpg 860,1,1073,142,0 1466,1,1756,127,0 1723,255,1877,558,0 1806,624,1920,926,0 1585,360,1738,665,0 1403,246,1625,546,0 1230,296,1415,629,0 760,160,1099,322,0 27,30,196,325,0 111,522,256,865,0 3,630,85,936,0 27,834,265,1080,0 460,786,629,1080,0 544,470,715,792,0 810,520,1027,825,0 672,841,970,1013,0 1004,882,1230,1080,0 1161,898,1475,1080,0 1156,619,1351,917,0
/Users/wendy/Fall2018/397/yolo/keras-yolo3/VOCdevkit/VOC2007/JPEGImages/frame2_48.jpg 1672,1,1814,213,0 1438,1,1583,234,0 1362,1,1483,130,0 1686,329,1829,630,0 1835,403,1920,728,0 1729,734,1871,1051,0 1483,915,1699,1080,0 1550,623,1835,880,0 1512,363,1667,699,0 1273,427,1536,691,0 1164,667,1467,910,0 1148,413,1285,746,0 1088,1,1305,299,0 835,223,1112,396,0 748,457,1077,597,0 540,151,805,305,0 505,298,669,620,0 617,894,926,1058,0 505,648,733,936,0 324,572,583,830,0 400,22,664,232,0 178,11,411,253,0 45,1,234,265,0 242,251,492,518,0 105,401,388,627,0 86,584,233,910,0 1,632,100,996,0
/Users/wendy/Fall2018/397/yolo/keras-yolo3/VOCdevkit/VOC2007/JPEGImages/frame2_60.jpg 1683,324,1826,618,0 1838,398,1920,739,0 1729,741,1867,1054,0 1566,622,1847,865,0 1485,899,1671,1080,0 1512,334,1671,661,0 1712,11,1905,279,0 1677,1,1802,189,0 1467,1,1617,218,0 1279,427,1536,698,0 1209,167,1481,380,0 1098,13,1274,317,0 1159,682,1481,898,0 1145,415,1286,741,0 738,444,1064,598,0 861,218,1128,370,0 772,1,1033,186,0 595,924,914,1068,0 550,605,778,891,0 348,580,636,808,0 495,248,667,577,0 540,161,802,298,0 405,27,669,217,0 166,24,416,277,0 52,1,229,261,0 202,270,476,491,0 95,415,400,598,0 88,584,236,910,0 1,632,98,986,0
/Users/wendy/Fall2018/397/yolo/keras-yolo3/VOCdevkit/VOC2007/JPEGImages/frame1_0.jpg 723,253,906,580,0 858,156,1144,405,0 841,632,1127,891,0 1320,686,1646,844,0 463,337,661,649,0 592,524,872,717,0 665,839,966,1022,0 446,779,604,1080,0 82,511,289,863,0 18,830,227,1080,0 1102,155,1275,479,0 1237,303,1403,627,0 1391,218,1610,518,0 1565,389,1730,698,0 1108,813,1274,1080,0 1744,444,1920,692,0 1765,639,1920,965,0 1681,1,1877,215,0 830,1,1061,130,0
/Users/wendy/Fall2018/397/yolo/keras-yolo3/VOCdevkit/VOC2007/JPEGImages/frame2_92.jpg 1729,1,1918,249,0 1842,394,1920,727,0 1707,730,1850,1063,0 1562,596,1845,855,0 1671,317,1852,627,0 1529,215,1690,567,0 1454,1,1609,163,0 1511,908,1714,1080,0 1161,711,1502,880,0 1276,427,1535,694,0 1136,415,1285,758,0 1235,187,1502,344,0 955,248,1254,401,0 1012,1,1190,225,0 821,6,1071,218,0 752,384,1069,580,0 571,905,890,1070,0 643,532,867,832,0 471,449,738,724,0 543,139,824,311,0 388,20,673,215,0 187,1,404,282,0 66,1,236,244,0 166,479,488,630,0 98,268,411,456,0 83,591,224,917,0 1,627,86,998,0 393,211,602,520,0
/Users/wendy/Fall2018/397/yolo/keras-yolo3/VOCdevkit/VOC2007/JPEGImages/frame1_322.jpg 1777,444,1920,695,0 1787,649,1920,887,0 1639,841,1918,1030,0 1549,586,1796,844,0 1585,361,1749,665,0 1406,232,1615,530,0 1227,299,1415,627,0 1177,687,1365,991,0 825,484,1010,811,0 780,137,1104,336,0 522,434,691,763,0 435,789,603,1080,0 103,525,272,872,0 34,834,243,1080,0 3,626,99,972,0 672,836,1003,1020,0 842,1,1099,158,0
/Users/wendy/Fall2018/397/yolo/keras-yolo3/VOCdevkit/VOC2007/JPEGImages/frame5_504.jpg 1793,430,1920,684,0 1798,632,1920,868,0 1661,863,1920,1015,0 1585,553,1807,827,0 1557,348,1736,655,0 1405,234,1614,536,0 1242,306,1419,627,0 779,141,1093,313,0 854,1,1055,156,0 1181,684,1348,996,0 821,501,1014,811,0 681,848,974,1020,0 533,451,698,765,0 471,784,619,1075,0 121,527,261,865,0 33,832,245,1080,0 1,629,90,946,0
/Users/wendy/Fall2018/397/yolo/keras-yolo3/VOCdevkit/VOC2007/JPEGImages/frame5_72.jpg 1717,1,1914,265,0 1467,1,1607,192,0 1847,401,1920,722,0 1679,313,1835,622,0 1523,286,1686,620,0 1567,603,1845,841,0 1719,741,1857,1061,0 1500,901,1698,1080,0 1157,722,1500,886,0 1273,427,1536,699,0 1198,153,1497,372,0 1054,5,1207,298,0 1145,413,1283,746,0 733,418,1054,606,0 874,227,1193,377,0 769,1,1048,187,0 589,911,908,1068,0 604,563,811,870,0 412,534,695,779,0 431,237,640,534,0 536,136,817,306,0 404,25,671,213,0 154,18,412,287,0 41,1,236,242,0 133,277,424,475,0 88,422,400,584,0 83,577,235,913,0 1,638,100,992,0
/Users/wendy/Fall2018/397/yolo/keras-yolo3/VOCdevkit/VOC2007/JPEGImages/frame2_80.jpg 1717,1,1920,246,0 1836,398,1914,718,0 1721,742,1859,1061,0 1574,598,1848,837,0 1662,318,1831,611,0 1521,237,1679,580,0 1511,908,1707,1080,0 1159,720,1500,884,0 1288,427,1540,687,0 1455,1,1605,182,0 1198,194,1483,344,0 1143,410,1276,746,0 867,232,1198,394,0 1028,1,1211,256,0 804,1,1064,222,0 738,386,1048,599,0 581,911,897,1065,0 617,563,814,865,0 443,498,714,760,0 405,222,629,520,0 531,137,807,298,0 388,18,671,227,0 163,1,411,284,0 43,1,235,241,0 128,270,421,468,0 98,446,424,601,0 79,577,233,906,0 1,630,86,998,0
/Users/wendy/Fall2018/397/yolo/keras-yolo3/VOCdevkit/VOC2007/JPEGImages/frame3_16.jpg 1743,56,1920,358,0 1506,1,1648,236,0 1698,641,1845,975,0 1700,955,1920,1074,0 1378,742,1619,1027,0 1581,496,1752,822,0 1340,296,1502,636,0 1045,546,1340,742,0 1178,203,1355,491,0 1069,44,1217,403,0 955,337,1111,682,0 938,834,1120,1080,0 804,624,950,982,0 455,865,788,1018,0 664,482,829,813,0 714,160,1057,320,0 828,1,1057,177,0 546,1,866,156,0 550,192,685,561,0 426,222,557,567,0 267,224,436,556,0 260,1,479,253,0 127,1,274,284,0 304,651,623,851,0 192,846,404,1075,0 9,736,295,915,0
/Users/wendy/Fall2018/397/yolo/keras-yolo3/VOCdevkit/VOC2007/JPEGImages/frame2_40.jpg 1637,1,1788,234,0 1840,401,1920,732,0 1688,336,1831,636,0 1550,622,1817,892,0 1729,732,1864,1046,0 1464,932,1690,1080,0 1486,401,1659,730,0 1421,1,1569,258,0 1343,1,1478,142,0 1274,429,1526,687,0 1154,663,1457,911,0 1143,417,1283,758,0 1067,20,1293,320,0 798,224,1062,393,0 759,458,1083,598,0 523,336,695,667,0 624,884,935,1070,0 491,685,688,985,0 548,151,821,299,0 412,24,666,244,0 178,27,429,280,0 54,1,235,270,0 298,598,524,882,0 236,279,493,548,0 104,399,390,630,0 81,580,233,903,0 1,600,86,987,0
/Users/wendy/Fall2018/397/yolo/keras-yolo3/VOCdevkit/VOC2007/JPEGImages/frame2_68.jpg 1711,1,1916,270,0 1681,1,1810,163,0 1460,1,1616,196,0 1838,398,1920,726,0 1733,737,1867,1060,0 1571,610,1848,849,0 1500,892,1687,1080,0 1676,317,1833,622,0 1524,299,1678,634,0 1279,425,1535,696,0 1159,708,1490,894,0 1143,417,1283,746,0 1207,163,1492,370,0 1078,15,1228,313,0 859,218,1193,367,0 774,1,1047,191,0 735,429,1052,611,0 595,910,904,1065,0 586,574,802,867,0 393,539,666,786,0 457,230,645,549,0 538,142,814,298,0 404,32,669,222,0 167,25,409,258,0 51,1,229,248,0 171,274,461,463,0 92,418,398,582,0 79,580,231,905,0 1,638,90,984,0
/Users/wendy/Fall2018/397/yolo/keras-yolo3/VOCdevkit/VOC2007/JPEGImages/frame4_20.jpg 1747,75,1869,363,0 1491,1,1659,239,0 1700,642,1850,974,0 1700,958,1920,1077,0 1379,744,1619,1036,0 1567,501,1771,824,0 1345,292,1500,627,0 1038,542,1342,742,0 1174,198,1362,486,0 1057,60,1217,408,0 952,344,1117,680,0 940,837,1125,1080,0 823,1,1066,186,0 711,155,1050,322,0 545,1,864,165,0 802,629,952,984,0 661,484,831,813,0 450,868,779,1024,0 304,656,621,851,0 548,211,686,568,0 424,236,561,563,0 269,230,445,558,0 216,1,431,284,0 62,1,233,217,0 186,846,406,1080,0 1,728,297,913,0
/Users/wendy/Fall2018/397/yolo/keras-yolo3/VOCdevkit/VOC2007/JPEGImages/frame1_483.jpg 857,1,1072,155,0 772,156,1089,294,0 1241,292,1411,625,0 1408,249,1618,546,0 1578,361,1722,677,0 1742,306,1903,615,0 1458,3,1739,117,0 1799,627,1918,925,0 1220,960,1522,1080,0 1166,658,1404,948,0 806,508,1025,831,0 539,470,715,784,0 668,848,973,1005,0 475,786,624,1080,0 118,522,266,870,0 49,849,270,1080,0 1,632,99,946,0
/Users/wendy/Fall2018/397/yolo/keras-yolo3/VOCdevkit/VOC2007/JPEGImages/frame2_32.jpg 1613,1,1783,249,0 1673,341,1826,655,0 1831,396,1920,730,0 1721,720,1867,1049,0 1464,929,1694,1080,0 1545,618,1809,898,0 1455,417,1669,755,0 1152,663,1450,925,0 1264,429,1531,692,0 1147,413,1285,755,0 1038,67,1267,349,0 979,1,1287,184,0 1319,1,1490,174,0 774,436,1100,606,0 771,218,1045,422,0 543,153,842,306,0 528,358,692,713,0 619,851,915,1080,0 474,692,661,1008,0 276,608,476,929,0 257,260,498,555,0 405,25,667,270,0 199,1,421,287,0 38,1,235,280,0 93,382,390,617,0 73,575,233,915,0 1,580,97,999,0
/Users/wendy/Fall2018/397/yolo/keras-yolo3/VOCdevkit/VOC2007/JPEGImages/frame1_368.jpg 820,498,1028,815,0 1232,301,1420,629,0 1401,236,1620,537,0 1577,355,1737,656,0 1803,389,1920,669,0 1787,642,1920,885,0 1573,574,1818,810,0 1656,867,1920,1041,0 1330,956,1646,1080,0 1172,680,1353,994,0 677,844,985,1018,0 470,779,629,1080,0 520,442,696,763,0 773,132,1092,315,0 853,1,1054,160,0 113,524,266,865,0 39,834,245,1080,0 1,630,92,953,0
/Users/wendy/Fall2018/397/yolo/keras-yolo3/VOCdevkit/VOC2007/JPEGImages/frame5_162.jpg 1757,56,1919,355,0 1504,1,1657,248,0 1567,510,1767,813,0 1674,639,1838,982,0 1385,749,1631,1029,0 1340,296,1512,634,0 1050,548,1348,746,0 1173,201,1371,494,0 1066,77,1226,427,0 717,163,1050,324,0 826,1,1057,191,0 551,1,867,172,0 933,832,1123,1080,0 817,646,966,992,0 662,480,828,811,0 459,868,783,1022,0 311,658,623,849,0 185,839,405,1080,0 5,742,292,920,0 545,220,692,579,0 433,225,571,560,0 273,227,440,553,0 219,5,450,280,0 72,1,233,255,0
/Users/wendy/Fall2018/397/yolo/keras-yolo3/VOCdevkit/VOC2007/JPEGImages/frame1_552.jpg 1447,1,1742,124,0 1722,272,1903,565,0 1803,629,1920,933,0 1580,356,1730,682,0 1408,241,1628,548,0 1225,299,1435,624,0 1153,617,1401,886,0 1092,886,1404,1060,0 810,522,1028,834,0 675,849,977,1017,0 772,160,1091,313,0 857,1,1063,165,0 650,1,820,192,0 39,5,206,265,0 541,468,706,813,0 475,794,622,1077,0 111,527,253,868,0 32,836,265,1080,0 1,630,90,944,0
/Users/wendy/Fall2018/397/yolo/keras-yolo3/VOCdevkit/VOC2007/JPEGImages/frame5_360.jpg 854,1,1055,142,0 1738,453,1920,685,0 1798,642,1920,952,0 1628,868,1907,1065,0 1386,718,1623,991,0 1579,367,1731,687,0 1400,239,1611,537,0 1252,310,1402,637,0 1145,775,1381,1037,0 985,736,1186,1037,0 755,548,1021,830,0 669,853,976,1001,0 450,801,595,1080,0 486,417,673,729,0 102,528,250,866,0 23,836,230,1080,0 764,122,1057,330,0 1086,144,1331,396,0
/Users/wendy/Fall2018/397/yolo/keras-yolo3/VOCdevkit/VOC2007/JPEGImages/frame5_216.jpg 1628,1,1821,148,0 1729,434,1920,684,0 1792,644,1920,950,0 1455,936,1700,1080,0 1283,951,1500,1080,0 1373,682,1688,849,0 1140,789,1295,1075,0 1571,346,1719,649,0 1397,237,1605,527,0 1228,310,1397,627,0 1076,374,1235,687,0 869,701,1173,863,0 838,132,1114,377,0 650,34,798,361,0 792,417,1066,634,0 664,853,962,1013,0 445,796,587,1080,0 9,834,219,1080,0 97,530,238,868,0 842,1,1049,139,0 467,368,652,679,0
/Users/wendy/Fall2018/397/yolo/keras-yolo3/VOCdevkit/VOC2007/JPEGImages/frame2_24.jpg 1602,1,1767,261,0 1673,341,1824,653,0 1831,396,1920,727,0 1712,718,1847,1048,0 1543,632,1811,911,0 1454,924,1685,1080,0 1144,658,1453,917,0 1461,436,1669,780,0 1262,427,1540,684,0 1138,418,1279,757,0 1305,1,1490,213,0 1031,67,1276,367,0 733,213,1048,424,0 809,417,1140,611,0 623,813,907,1080,0 540,392,693,746,0 536,144,893,299,0 409,37,662,267,0 200,1,416,279,0 35,1,229,286,0 279,251,514,561,0 81,379,369,627,0 471,724,621,1061,0 267,627,507,929,0 73,575,238,909,0 1,591,85,1002,0 966,1,1288,182,0
/Users/wendy/Fall2018/397/yolo/keras-yolo3/VOCdevkit/VOC2007/JPEGImages/frame2_20.jpg 1600,1,1762,263,0 1676,346,1831,677,0 1824,394,1920,734,0 1721,717,1857,1039,0 1548,632,1811,915,0 1443,925,1690,1080,0 1448,477,1669,786,0 1145,653,1461,922,0 1274,423,1536,682,0 1121,408,1283,756,0 1424,11,1569,324,0 1299,1,1500,236,0 1014,86,1262,380,0 944,1,1243,177,0 819,408,1143,613,0 717,218,1035,441,0 588,134,905,282,0 397,46,657,272,0 198,3,429,270,0 32,1,235,284,0 519,394,705,741,0 631,811,912,1080,0 457,732,631,1046,0 245,663,488,965,0 281,256,509,563,0 74,374,364,625,0 74,568,231,915,0 1,580,90,996,0
/Users/wendy/Fall2018/397/yolo/keras-yolo3/VOCdevkit/VOC2007/JPEGImages/frame3_48.jpg 1747,68,1871,374,0 1704,636,1836,986,0 1697,951,1920,1078,0 1562,498,1754,829,0 1378,746,1621,1034,0 1508,1,1652,232,0 1343,294,1502,637,0 1052,542,1336,742,0 1169,205,1364,496,0 1064,49,1209,405,0 938,830,1129,1080,0 955,344,1119,675,0 829,1,1055,206,0 709,156,1047,317,0 544,1,876,165,0 804,627,945,984,0 452,865,779,1022,0 654,488,840,807,0 550,205,692,561,0 424,220,554,568,0 269,227,440,551,0 226,11,479,261,0 111,1,245,270,0 311,648,621,851,0 183,839,404,1080,0 1,733,300,918,0
/Users/wendy/Fall2018/397/yolo/keras-yolo3/VOCdevkit/VOC2007/JPEGImages/frame1_230.jpg 1296,3,1530,232,0 1408,237,1620,532,0 1591,360,1730,674,0 1744,437,1920,674,0 1818,663,1920,945,0 1630,872,1920,1062,0 1418,710,1710,929,0 1149,732,1366,1008,0 1254,299,1430,642,0 772,122,1087,334,0 856,1,1077,148,0 499,411,691,730,0 449,787,621,1080,0 27,829,253,1080,0 110,522,289,874,0 1,636,87,944,0 830,510,1063,848,0 682,846,977,998,0 942,801,1158,1072,0
/Users/wendy/Fall2018/397/yolo/keras-yolo3/VOCdevkit/VOC2007/JPEGImages/frame1_621.jpg 1733,241,1885,544,0 1814,629,1920,931,0 1588,363,1731,672,0 1486,15,1792,168,0 1409,244,1621,541,0 1235,298,1429,624,0 1148,656,1429,896,0 978,855,1269,1015,0 669,837,969,1020,0 809,524,1028,856,0 771,160,1093,311,0 843,1,1086,149,0 655,1,811,168,0 7,1,155,237,0 119,522,271,863,0 23,842,251,1080,0 1,630,93,943,0 550,494,731,846,0 452,791,626,1080,0 916,948,1163,1080,0
/Users/wendy/Fall2018/397/yolo/keras-yolo3/VOCdevkit/VOC2007/JPEGImages/frame1_184.jpg 1727,439,1920,688,0 1773,646,1920,961,0 1599,864,1899,1066,0 1568,365,1728,680,0 1315,751,1591,1020,0 1110,780,1363,1048,0 1373,236,1601,536,0 1223,303,1411,644,0 991,715,1185,1032,0 749,569,1008,857,0 1022,174,1282,436,0 753,122,1054,341,0 835,1,1040,139,0 458,394,673,722,0 415,789,585,1077,0 82,525,263,881,0 6,834,222,1080,0
/Users/wendy/Fall2018/397/yolo/keras-yolo3/VOCdevkit/VOC2007/JPEGImages/frame1_345.jpg 777,134,1111,329,0 855,1,1053,160,0 1241,297,1420,639,0 1396,230,1618,527,0 1566,351,1735,653,0 1794,415,1920,689,0 1575,553,1792,820,0 1792,663,1920,878,0 1649,880,1916,1029,0 1184,684,1344,998,0 815,492,1025,813,0 678,839,982,1024,0 468,784,615,1080,0 516,442,697,768,0 101,525,256,865,0 41,829,242,1080,0 1,632,90,958,0
/Users/wendy/Fall2018/397/yolo/keras-yolo3/VOCdevkit/VOC2007/JPEGImages/frame2_36.jpg 1632,1,1788,246,0 1681,329,1831,656,0 1831,398,1920,728,0 1717,722,1852,1049,0 1540,622,1805,894,0 1469,934,1667,1080,0 1486,406,1662,735,0 1267,425,1535,684,0 1154,655,1467,915,0 1135,411,1281,756,0 1054,32,1292,337,0 779,217,1081,415,0 548,142,836,310,0 416,20,673,260,0 186,13,450,274,0 40,1,240,275,0 524,351,698,706,0 771,436,1093,613,0 633,872,942,1077,0 481,682,683,992,0 286,618,524,911,0 74,577,233,908,0 2,637,90,996,0 97,392,392,630,0 243,277,507,553,0 1324,1,1469,156,0
